"Course.Code","Assignment","Mid.Exam","Final.Exam","Total","Grade"
"COMP6047",70,100,90,c(89, 78.25, 75.7, 75.1, 82.6, 62.9, 86.15, 90.5, 84.5),c(7, 5, 5, 5, 6, 2, 7, 8, 6)
"COMP6048",80,75,80,c(89, 78.25, 75.7, 75.1, 82.6, 62.9, 86.15, 90.5, 84.5),c(7, 5, 5, 5, 6, 2, 7, 8, 6)
"COMP6176",86,69,73,c(89, 78.25, 75.7, 75.1, 82.6, 62.9, 86.15, 90.5, 84.5),c(7, 5, 5, 5, 6, 2, 7, 8, 6)
"COMP7066",69,76,79,c(89, 78.25, 75.7, 75.1, 82.6, 62.9, 86.15, 90.5, 84.5),c(7, 5, 5, 5, 6, 2, 7, 8, 6)
"COMP7084",86,74,88,c(89, 78.25, 75.7, 75.1, 82.6, 62.9, 86.15, 90.5, 84.5),c(7, 5, 5, 5, 6, 2, 7, 8, 6)
"COMP7116",63,60,65,c(89, 78.25, 75.7, 75.1, 82.6, 62.9, 86.15, 90.5, 84.5),c(7, 5, 5, 5, 6, 2, 7, 8, 6)
"COMP8108",90,87,83,c(89, 78.25, 75.7, 75.1, 82.6, 62.9, 86.15, 90.5, 84.5),c(7, 5, 5, 5, 6, 2, 7, 8, 6)
"CPEN6098",100,90,85,c(89, 78.25, 75.7, 75.1, 82.6, 62.9, 86.15, 90.5, 84.5),c(7, 5, 5, 5, 6, 2, 7, 8, 6)
"ISYS6169",90,80,85,c(89, 78.25, 75.7, 75.1, 82.6, 62.9, 86.15, 90.5, 84.5),c(7, 5, 5, 5, 6, 2, 7, 8, 6)
